20
0 1 2 3 4 5 6 7 8 9 10 11 12 13 14 15 16 17 18 19
500
6 13 18
10 14 1
3 9 12
2 6 15
1 4 8
4 6 18
5 8 13
14 17 12
9 13 15
16 17 7
7 13 5
3 18 2
8 12 6
4 18 0
8 11 0
9 11 4
11 15 4
0 2 13
16 17 9
3 13 14
6 16 17
2 13 16
3 9 11
18 19 6
7 10 12
0 7 12
3 13 17
15 17 1
2 8 14
15 19 6
16 18 7
11 14 19
15 19 2
7 12 1
10 17 9
4 15 19
6 12 17
9 10 8
11 19 1
10 19 4
5 9 15
12 14 0
16 17 13
13 14 4
3 4 16
1 10 19
13 17 12
13 15 1
5 6 19
4 5 15
9 10 17
6 7 2
0 2 16
2 9 16
16 19 12
3 13 16
10 11 12
4 13 14
2 13 14
15 16 19
3 12 14
1 5 8
1 2 7
11 12 9
8 14 2
4 18 19
8 12 1
9 15 0
3 12 15
7 14 6
15 19 14
7 13 3
5 9 14
6 8 5
1 5 6
7 16 6
2 10 12
5 7 11
2 17 1
10 17 18
7 16 4
9 12 0
4 10 14
9 13 1
8 9 10
14 16 2
8 16 0
10 12 3
8 13 1
15 16 6
8 12 19
4 9 13
1 5 17
11 17 3
2 11 0
18 19 3
8 9 12
5 6 18
2 9 18
4 10 3
9 13 4
0 14 15
2 13 19
12 13 18
10 18 7
4 6 7
8 19 3
10 14 5
0 1 9
4 8 19
13 17 18
3 19 1
5 6 11
17 18 10
9 12 6
6 8 9
14 17 0
7 11 3
12 17 4
6 10 18
2 12 15
15 16 2
11 13 19
7 16 17
8 10 6
0 3 5
1 11 15
5 7 12
4 15 16
7 13 6
8 10 1
6 11 14
5 9 11
11 14 6
6 16 18
8 18 5
8 18 4
10 13 5
4 7 19
6 14 15
4 8 11
3 12 18
3 11 18
8 9 16
4 19 1
10 17 8
18 19 14
2 16 19
3 14 16
6 15 17
16 17 19
1 6 7
3 11 15
9 16 6
8 12 14
13 16 19
2 3 12
1 3 17
5 13 18
4 10 1
9 11 13
3 4 13
4 19 0
9 14 3
4 7 13
2 7 10
9 10 11
11 13 18
13 19 10
5 10 1
1 3 14
11 14 10
7 11 12
5 9 1
13 17 7
8 10 7
6 13 0
8 13 0
6 9 15
1 4 18
1 7 10
6 9 16
6 9 17
9 11 15
15 19 13
10 19 0
3 8 11
9 10 14
1 3 10
5 14 16
6 15 18
4 6 10
7 8 11
8 19 4
0 5 10
6 8 13
9 18 19
7 10 17
8 10 12
6 10 3
4 15 0
4 5 9
0 4 13
5 11 12
16 17 3
5 6 13
5 7 0
8 17 6
5 8 0
6 18 1
0 9 12
7 19 4
0 14 16
14 18 6
2 6 13
4 5 2
1 4 12
13 17 2
17 18 19
2 9 17
4 7 14
12 17 0
16 19 5
9 17 0
0 5 7
1 2 15
9 13 5
17 18 9
6 8 4
3 5 14
4 17 2
13 18 3
4 7 9
1 3 11
5 7 13
3 8 14
1 9 13
11 17 2
4 14 1
7 13 1
3 8 1
6 9 19
7 16 19
4 11 16
4 9 12
5 10 15
3 16 17
8 15 19
1 2 17
2 13 15
6 12 2
15 16 8
3 5 15
6 12 5
8 12 3
5 15 18
7 18 4
6 11 15
0 7 14
14 17 18
8 14 15
5 7 8
2 6 17
12 19 8
6 11 12
11 19 10
4 7 1
0 6 16
13 16 2
3 4 0
11 17 0
1 6 12
0 7 16
6 9 1
9 12 14
2 9 11
9 13 7
13 14 8
12 13 15
9 12 4
9 11 8
8 10 17
7 12 14
10 13 1
15 16 9
2 7 19
9 19 7
6 11 1
6 13 3
1 8 10
2 4 16
1 11 14
3 15 16
7 13 4
7 10 11
11 14 7
6 13 15
0 18 19
12 19 9
5 19 2
5 12 13
13 19 5
5 12 3
2 9 1
1 2 3
2 9 15
4 12 3
0 5 12
8 19 5
4 5 0
10 15 1
5 10 14
7 9 14
7 12 18
11 16 5
0 17 19
15 17 19
13 15 11
11 16 3
6 14 17
1 2 4
10 15 9
6 9 18
11 16 10
9 12 17
4 5 3
5 13 1
14 15 7
13 16 10
8 14 19
13 19 2
14 18 19
3 4 11
13 14 11
14 15 9
0 11 16
1 13 0
16 18 13
14 18 9
14 18 1
11 16 0
8 12 13
4 8 13
7 9 3
6 10 17
11 14 15
4 13 18
3 11 17
16 18 9
13 19 3
4 14 19
4 10 16
3 8 9
10 12 8
10 11 9
13 16 11
2 3 19
16 19 1
17 18 12
9 17 1
11 14 8
8 19 6
3 6 8
14 18 12
5 11 4
4 5 17
16 17 14
13 19 0
0 4 9
7 19 1
10 17 3
4 13 16
0 3 15
3 8 17
2 12 17
1 6 13
3 14 19
10 15 0
5 18 2
14 16 3
9 12 18
4 11 1
11 14 17
8 10 2
0 5 14
2 8 18
11 12 15
3 14 0
0 12 15
12 15 2
3 4 1
7 17 1
5 8 2
8 13 2
1 11 17
11 15 17
1 9 11
12 17 2
14 19 11
9 17 6
1 3 9
9 12 3
9 10 15
6 7 16
1 13 15
2 3 7
1 19 0
1 14 17
1 14 16
4 9 1
3 7 12
0 15 16
3 16 1
3 17 0
10 14 8
8 17 4
7 10 6
10 14 6
5 7 1
12 18 11
1 2 16
13 15 9
15 19 3
14 17 7
5 10 11
5 15 2
8 9 2
4 11 14
0 8 11
1 8 19
9 18 2
11 13 9
11 16 1
8 15 7
11 12 7
13 14 10
4 9 10
12 15 4
4 6 19
2 3 0
10 17 0
0 14 19
8 12 2
5 19 4
7 19 3
9 15 16
6 9 4
6 11 17
5 9 18
8 10 16
0 1 19
7 9 13
0 5 13
12 15 10
6 17 2
5 14 4
12 14 18
4 8 14
4 6 12
7 8 9
3 4 18
4 12 13
14 19 1
1 5 15
10 11 2
7 11 5
16 17 2
3 10 17
0 1 4
2 15 0
7 9 4
1 5 19
3 13 0
0 12 19
14 17 19
2 11 18
1 3 7
4 5 7
6 8 1
0 5 18
10 14 19
2 9 13
7 10 2
9 15 8
0 1 15
9 15 6
10 15 3
5 13 3
2 9 0
17 19 1
2 4 18
11 19 2
7 9 5
4 10 17
3 6 11
3 4 8
0 4 18
1 3 6
5 12 2
2 6 18
