35
0 1 2 3 4 5 6 7 8 9 10 11 12 13 14 15 16 17 18 19 20 21 22 23 24 25 26 27 28 29 30 31 32 33 34
500
7 10 6
24 31 14
17 18 12
28 30 16
21 27 6
2 6 9
3 19 33
16 25 13
12 20 24
29 33 9
29 33 26
9 25 7
2 4 15
3 9 29
15 23 32
20 27 33
14 25 7
21 22 16
7 11 12
14 34 7
21 27 32
19 22 33
27 29 25
15 30 2
8 14 7
5 26 29
23 26 0
20 25 18
13 16 10
10 13 14
25 27 24
10 23 6
17 21 7
30 32 12
8 14 23
27 34 11
0 18 31
30 32 23
16 31 34
1 16 27
0 11 19
23 26 34
10 13 21
26 30 11
0 9 24
16 27 29
9 14 30
3 7 0
20 21 32
22 32 0
14 30 34
14 24 25
15 18 13
22 34 20
18 30 10
25 33 16
18 29 13
14 20 11
7 18 25
2 17 18
15 16 1
10 23 9
2 14 20
2 11 17
13 28 33
4 29 1
3 26 27
13 15 33
0 11 29
3 9 15
19 21 13
5 18 26
14 23 8
23 31 12
2 8 20
19 25 14
11 25 2
6 9 4
16 31 11
4 15 30
17 23 24
15 17 9
2 27 29
14 17 27
9 10 8
20 25 12
17 29 7
14 18 28
11 14 6
7 30 33
16 19 26
16 25 4
0 14 21
16 25 3
6 19 26
13 31 11
30 31 24
8 19 31
14 17 4
11 24 10
3 12 23
4 10 24
17 26 0
9 12 27
4 15 34
23 24 16
9 23 34
24 31 11
2 18 24
4 8 31
7 12 16
26 31 0
9 15 1
22 28 0
15 34 8
21 25 34
14 25 29
6 16 4
8 24 4
14 30 1
25 27 16
3 10 27
1 8 13
3 13 26
25 26 7
17 20 34
0 1 33
15 22 34
7 16 1
7 12 20
8 21 2
2 3 17
15 30 7
9 23 4
5 26 33
7 13 24
4 12 28
30 31 0
23 29 15
22 23 15
24 28 11
24 32 19
15 25 7
17 21 22
14 33 2
14 15 4
7 15 2
4 19 20
2 6 13
2 13 1
1 11 18
4 28 33
14 21 11
3 17 32
2 9 22
20 26 11
27 34 4
12 31 8
15 22 5
0 28 33
16 17 22
17 24 32
7 20 33
7 20 4
16 22 31
8 13 27
24 34 4
10 23 29
5 6 11
9 30 31
3 11 0
10 19 0
15 23 31
14 23 30
12 25 7
8 11 28
0 6 19
9 24 2
19 32 34
18 20 12
3 10 28
9 24 33
24 28 23
4 11 18
9 10 0
18 30 9
10 21 26
25 31 0
3 4 33
27 32 1
12 32 7
28 30 0
17 30 1
10 21 7
1 28 30
7 33 2
1 8 28
22 30 33
12 20 23
10 20 6
8 27 2
28 34 27
9 19 29
4 16 33
2 7 9
4 7 3
18 21 25
22 30 1
15 19 25
16 31 12
13 17 28
10 19 30
18 31 6
8 28 33
22 27 3
20 22 13
10 13 26
10 14 21
13 24 25
7 27 6
4 6 21
20 21 26
16 30 11
19 30 7
1 28 33
2 10 31
12 31 10
1 26 0
21 25 17
25 33 24
10 18 28
2 13 32
32 34 8
8 24 7
12 15 25
3 7 27
20 28 11
7 27 3
22 28 34
13 21 0
5 8 32
9 34 0
19 29 1
8 24 30
9 33 7
28 34 25
29 34 20
18 28 0
23 31 17
11 28 32
26 31 13
27 28 5
6 34 0
24 25 9
8 11 22
0 6 9
23 33 19
14 27 9
24 27 14
3 15 17
18 23 12
19 23 18
2 19 21
0 2 23
21 23 4
10 16 26
6 8 30
7 30 32
29 30 0
19 21 30
27 30 22
18 20 7
12 13 6
30 34 17
6 20 2
24 31 12
11 14 29
30 34 19
3 6 12
6 24 31
21 31 14
13 16 5
25 28 12
22 23 28
25 31 20
17 32 33
6 8 16
2 33 1
4 11 24
3 27 29
21 23 31
1 20 30
6 16 19
23 25 13
5 26 2
16 23 15
10 14 34
2 5 12
25 31 24
2 20 1
31 33 10
16 23 6
17 24 29
1 26 34
1 6 18
14 34 5
0 13 34
3 4 14
2 13 17
14 31 3
15 22 3
30 33 24
3 24 34
0 28 29
13 26 12
5 16 34
12 13 11
8 12 4
1 8 9
4 26 1
27 32 16
23 28 20
1 2 15
31 34 12
14 23 32
11 17 22
11 26 8
9 16 24
19 32 3
26 27 22
15 21 28
24 30 15
3 9 34
5 16 19
3 7 12
8 13 26
29 33 14
4 19 29
3 5 22
11 14 7
5 7 20
22 29 20
15 24 31
0 10 21
12 24 26
1 20 27
4 29 3
7 14 30
10 15 30
4 11 20
26 33 17
1 4 16
5 21 30
1 19 29
19 29 15
6 25 0
18 34 11
0 7 15
8 19 20
4 14 16
18 19 16
1 13 32
19 25 34
31 32 1
20 23 2
24 28 2
3 7 16
15 20 6
25 33 9
16 18 14
6 33 3
20 32 14
15 18 2
8 13 20
23 31 8
27 34 15
30 33 25
18 27 14
28 32 2
21 29 17
14 19 8
1 16 0
0 12 19
28 31 12
25 32 23
14 20 25
17 23 29
21 31 17
13 21 25
19 20 6
0 24 30
24 34 19
12 22 29
13 22 24
0 23 34
16 17 25
3 5 12
8 12 21
17 29 9
2 25 30
6 33 5
13 19 1
17 25 26
22 24 26
3 11 21
22 34 16
1 2 12
20 22 15
8 14 6
20 31 15
27 28 29
21 28 13
2 16 26
15 25 11
9 29 4
4 8 17
7 14 0
15 22 23
8 26 28
0 7 27
17 24 13
0 19 22
16 19 5
29 33 8
19 21 22
24 31 18
15 18 20
4 17 29
8 19 7
6 11 18
1 6 13
17 24 34
8 19 23
15 26 28
15 26 30
2 6 22
19 30 32
30 32 0
13 27 0
8 12 1
9 32 2
8 11 18
24 32 23
23 34 16
10 17 29
8 25 3
0 27 30
16 19 1
22 32 20
2 8 14
23 24 3
33 34 22
7 21 3
21 28 31
19 24 1
18 23 5
7 11 6
12 20 5
12 14 11
20 23 17
23 24 8
0 3 6
6 25 32
18 23 8
13 14 27
19 27 0
18 33 14
16 34 2
20 27 7
10 16 2
9 14 23
19 20 32
16 22 0
31 32 12
3 6 34
0 12 28
12 13 31
5 10 21
21 28 0
13 14 10
2 21 22
4 10 25
18 34 3
5 6 24
13 24 6
3 14 1
11 22 26
24 30 8
11 33 7
3 8 34
14 21 32
4 28 29
16 26 29
6 29 0
29 33 1
18 26 33
4 16 23
7 23 26
7 9 29
4 13 28
