50
0 1 2 3 4 5 6 7 8 9 10 11 12 13 14 15 16 17 18 19 20 21 22 23 24 25 26 27 28 29 30 31 32 33 34 35 36 37 38 39 40 41 42 43 44 45 46 47 48 49
500
20 25 11
9 29 0
10 18 40
36 49 7
1 40 45
24 48 3
20 26 43
5 28 41
41 43 17
23 28 9
23 42 6
12 27 47
34 40 0
5 34 46
2 17 26
7 32 33
13 42 48
1 15 16
38 48 9
8 21 3
18 22 27
11 30 6
27 41 7
24 29 48
0 5 11
16 26 31
23 44 20
37 38 34
13 24 29
33 47 19
1 15 30
47 49 3
33 39 7
26 48 12
14 48 6
2 26 44
40 49 26
38 45 16
41 44 12
20 30 6
5 13 26
6 28 2
20 31 6
23 29 11
31 36 10
1 41 46
13 28 41
41 46 14
5 23 31
8 10 39
28 31 43
41 46 25
12 22 28
21 22 29
14 17 0
35 37 8
12 27 40
4 6 24
8 17 48
11 23 1
0 8 35
25 31 9
23 29 2
4 20 24
1 35 40
20 21 18
31 32 39
33 46 24
15 37 2
13 20 11
44 45 5
10 36 2
24 45 8
31 41 12
35 38 15
7 41 0
14 48 49
25 31 21
2 13 40
8 23 6
14 26 7
16 45 7
10 42 44
18 38 1
0 45 46
19 28 29
34 35 44
12 23 48
23 24 15
9 29 5
31 44 28
22 41 0
3 11 32
8 29 33
6 34 3
15 18 12
37 42 49
6 30 39
28 30 5
4 13 46
20 21 46
32 38 40
36 42 14
4 13 48
32 33 2
29 39 2
43 47 38
33 46 1
18 21 17
44 47 13
15 23 6
33 43 10
27 36 24
8 20 45
35 48 18
20 44 45
40 41 8
25 27 42
1 24 45
28 36 2
2 20 30
21 27 12
17 28 40
27 30 37
10 11 47
42 44 27
27 28 20
15 37 12
21 31 38
41 42 30
18 47 17
19 32 16
9 14 29
4 16 41
0 8 16
9 18 23
13 26 32
23 47 49
5 19 1
37 45 6
26 49 17
9 39 3
0 7 24
6 26 39
20 25 34
12 43 9
38 46 5
36 43 27
41 49 23
24 30 18
27 48 17
48 49 14
15 19 30
0 27 39
29 40 46
9 24 46
20 45 17
31 42 18
16 49 14
5 27 3
45 48 10
39 48 16
38 41 1
45 48 22
0 21 46
28 45 1
25 40 44
7 13 5
6 27 4
31 43 6
29 37 24
27 31 5
26 44 22
9 32 45
25 44 47
6 26 44
37 42 1
40 48 14
6 17 35
39 44 29
26 40 4
14 16 45
1 22 48
37 38 5
6 9 39
21 26 17
45 47 34
4 9 12
21 33 16
41 48 16
28 37 15
15 33 7
41 43 16
15 33 42
32 47 4
43 48 41
18 30 48
4 30 1
5 25 2
15 31 34
0 11 17
13 45 6
11 15 45
17 29 0
30 38 20
31 32 36
27 45 4
4 10 27
17 38 12
28 38 8
7 46 3
31 48 11
14 19 30
19 22 26
23 25 37
37 48 14
8 45 48
31 41 10
35 40 26
0 29 31
7 23 35
17 35 40
17 21 39
6 9 18
20 43 3
24 26 27
26 34 12
5 38 40
25 26 4
26 48 5
25 39 23
32 36 13
5 43 49
8 19 0
22 29 47
17 35 46
25 38 8
3 23 26
11 18 26
16 29 38
8 15 32
29 34 6
31 38 30
4 9 35
1 17 32
30 48 14
2 16 40
12 16 2
33 48 16
22 44 11
1 9 33
18 28 49
7 28 29
33 46 5
10 18 31
7 26 43
26 41 1
30 37 5
40 44 29
22 49 5
19 36 37
17 37 3
35 48 34
23 30 47
1 2 12
21 27 9
45 47 30
13 16 49
17 39 41
26 46 20
3 24 47
0 7 47
15 36 12
40 43 35
24 34 48
11 27 6
16 21 46
19 20 44
9 21 39
15 35 5
6 8 46
8 45 47
26 39 44
36 41 32
19 23 17
1 10 41
17 21 14
20 25 1
3 5 30
30 44 20
23 45 18
34 43 12
8 15 37
3 41 43
21 45 20
20 32 34
34 37 2
16 27 36
39 44 30
44 46 8
44 45 32
15 29 35
46 49 31
38 43 5
36 38 49
7 19 42
16 18 46
26 27 21
23 29 41
10 19 26
16 21 6
24 42 15
29 49 26
34 44 28
16 38 40
17 46 8
18 45 16
19 25 44
8 16 28
4 32 48
9 41 42
18 25 44
14 35 8
31 40 26
15 23 44
29 45 0
29 33 47
17 18 5
12 30 7
17 38 1
25 26 9
24 28 17
5 39 40
20 33 7
17 48 16
38 41 15
5 13 41
3 8 33
6 8 22
19 21 26
9 17 45
38 45 25
13 24 26
9 18 46
5 18 30
26 27 37
45 46 8
19 35 42
27 28 40
8 20 41
12 27 37
21 24 9
2 11 45
1 28 33
31 39 24
11 12 39
6 8 26
3 26 31
36 44 34
12 38 49
5 23 46
17 36 41
8 19 35
35 36 29
10 17 9
13 39 2
15 26 38
13 25 29
2 8 27
6 42 43
19 21 47
7 9 3
0 32 45
0 13 41
37 43 15
27 33 8
24 30 43
5 12 42
12 23 28
34 39 47
3 22 40
27 37 19
15 26 10
0 3 36
15 18 32
9 14 47
3 13 46
36 41 7
14 36 43
5 14 33
28 31 13
18 19 7
10 46 8
22 32 3
11 45 0
34 47 2
0 25 41
8 14 29
1 4 27
8 26 39
11 13 47
0 1 47
10 39 45
5 13 25
25 46 48
25 32 21
20 23 45
6 17 22
27 49 11
13 21 48
3 14 2
8 47 5
15 21 45
30 45 6
3 45 47
37 49 10
4 30 47
1 6 17
3 16 21
12 15 9
22 28 5
28 34 45
16 30 47
37 43 24
15 38 39
26 29 14
27 34 22
15 25 42
32 33 36
18 24 13
1 4 48
17 29 30
19 20 17
15 43 45
0 18 42
18 25 47
30 38 40
0 15 20
11 14 36
42 44 12
11 42 46
19 32 39
41 46 21
4 22 42
39 43 7
37 43 48
21 30 4
38 39 29
16 34 48
28 34 8
8 13 7
15 28 36
11 32 0
9 49 5
5 12 18
7 22 23
32 47 9
6 34 2
3 23 49
22 24 42
1 6 18
0 1 15
18 19 22
5 30 36
13 24 36
3 21 38
40 49 35
34 39 49
27 30 16
14 21 0
12 30 45
21 45 11
18 19 44
13 14 35
1 10 43
16 27 33
7 26 44
11 19 21
36 45 34
31 42 14
13 29 33
11 25 9
28 48 22
3 13 40
44 46 29
8 29 47
31 41 8
31 45 7
3 20 23
20 26 5
2 38 40
11 14 20
18 21 48
25 40 6
5 9 47
6 9 14
34 49 21
30 35 24
10 23 2
20 33 10
